[array([0.002035, 0.996379]), array([0.002449, 0.995361]), array([0.452298, 0.967927, 0.984189]), array([0.058781, 0.370898, 0.962611, 0.98446 ]), array([0.954513, 0.907896, 0.952655, 0.91998 ]), array([0.002757, 0.445602, 0.093508, 0.042327, 0.035623]), array([4.11290e-02, 9.62005e-01, 9.01261e-01, 2.44000e-04, 9.32250e-01,
       1.52636e-01]), array([0.952575, 0.174267, 0.816686, 0.700747, 0.946591, 0.989895,
       0.027648, 0.033931])]
[array([0.772209, 0.918743]), array([0.803618, 0.929426]), array([0.929255, 0.057442, 0.8552  ]), array([0.460343, 0.419212, 0.365008, 0.428026]), array([0.93, 0.93, 0.93, 0.93]), array([0.28195 , 0.119154, 0.518889, 0.852283, 0.051391]), array([0.076647, 0.456599, 0.316378, 0.170448, 0.446856, 0.738895]), array([0.19064 , 0.36515 , 0.063569, 0.065144, 0.783808, 0.133877,
       0.150353, 0.495945])]
[array([0.08253701, 0.4030772 ]), array([0.68415272, 0.92863608]), array([0.37149282, 0.05553944, 0.55416596]), array([0.36087299, 0.41870901, 0.40107197, 0.44365659]), array([0.97338068, 0.95165246, 0.97783084, 0.65939838]), array([0.38353569, 0.37178856, 0.51142403, 0.90409015, 0.051     ]), array([0.0647842 , 0.45367606, 0.24449443, 0.14992307, 0.34266474,
       0.70828074]), array([0.12244871, 0.35803358, 0.10794976, 0.47798731, 0.87406138,
       0.82061448, 0.15437306, 0.91312252])]
[array([0.94049727, 0.03546637]), array([0.94319931, 0.36178117]), array([0.93764231, 0.94553127, 0.0450049 ]), array([0.05074661, 0.33486446, 0.70545372, 0.50700378]), array([0.94274451, 0.49868005, 0.94309644, 0.89523784]), array([0.12245523, 0.86127651, 0.07230591, 0.8996346 , 0.03529554]), array([0.09397773, 0.80768865, 0.07602969, 0.03590523, 0.06332739,
       0.90576918]), array([0.06803953, 0.7515903 , 0.03769954, 0.76016274, 0.11330766,
       0.90547199, 0.13082552, 0.07202924])]
[array([0.03879995, 0.68988658]), array([0.67749635, 0.47473349]), array([0.94465421, 0.4238303 , 0.60360073]), array([0.48593639, 0.2404522 , 0.03737223, 0.04085633]), array([0.59253247, 0.91421397, 0.88435649, 0.94521953]), array([0.82707806, 0.0458315 , 0.94486138, 0.13236169, 0.91794611]), array([0.207515  , 0.09645788, 0.40041373, 0.12946838, 0.11782311,
       0.91440254]), array([0.82582918, 0.17425834, 0.07423026, 0.0511116 , 0.15212223,
       0.89870291, 0.07076805, 0.05878269])]
[array([0.94461263, 0.79186223]), array([0.695161  , 0.89636526]), array([0.67133172, 0.94295105, 0.05057981]), array([0.42223919, 0.35743063, 0.46526015, 0.43047641]), array([0.98, 0.98, 0.98, 0.98]), array([0.24430561, 0.23683387, 0.90795507, 0.9427657 , 0.04101277]), array([0.0680021 , 0.39492378, 0.28117419, 0.12506243, 0.30061996,
       0.70760975]), array([0.2141228 , 0.17943575, 0.03625703, 0.1599798 , 0.55278032,
       0.73954428, 0.08928676, 0.27364937])]
